The weights at iteration: 0
[[ 1.00066488]
 [ 1.28446674]
 [ 2.08508588]
 [ 0.09001663]
 [ 1.1452521 ]
 [ 1.07655286]
 [-0.00755227]
 [ 1.11005429]
 [ 1.6267118 ]
 [ 1.40205278]
 [ 2.68514668]
 [ 1.08679211]
 [ 0.52092176]
 [ 1.28679725]
 [ 1.87819777]
 [ 0.60335952]
 [ 1.96430799]
 [ 1.45512594]
 [ 1.31466171]
 [ 1.06445985]
 [ 0.74426903]]

The weights at iteration: 10
[[6.64878715e-04]
 [3.28693317e+00]
 [3.49204527e+00]
 [2.42175382e+00]
 [3.50209186e+00]
 [1.83994419e+00]
 [3.45296749e+00]
 [1.60851371e+00]
 [2.83895225e+00]
 [3.63469207e+00]
 [3.75381848e+00]
 [3.31990114e+00]
 [1.37239160e+00]
 [2.74639365e+00]
 [3.76905648e+00]
 [1.72855191e+00]
 [3.58826013e+00]
 [2.05430406e+00]
 [2.99224508e+00]
 [2.89916021e+00]
 [3.49993984e+00]]

The weights at iteration: 20
[[6.64878715e-04]
 [4.20159122e+00]
 [4.02329066e+00]
 [3.77474293e+00]
 [4.00498825e+00]
 [2.01869994e+00]
 [3.61752666e+00]
 [2.84400432e+00]
 [3.46952222e+00]
 [3.90993993e+00]
 [4.17766524e+00]
 [4.77949104e+00]
 [2.85361346e+00]
 [2.31763862e+00]
 [4.35229806e+00]
 [3.34134545e+00]
 [2.55728616e+00]
 [2.82270170e+00]
 [4.51219934e+00]
 [4.18009398e+00]
 [4.11769131e+00]]

The weights at iteration: 30
[[-0.99933512]
 [ 5.23794059]
 [ 5.05959748]
 [ 4.60101489]
 [ 5.56151994]
 [ 1.83157882]
 [ 4.22509195]
 [ 3.44715627]
 [ 4.61748171]
 [ 5.42290184]
 [ 3.21858823]
 [ 5.8172328 ]
 [ 2.90863948]
 [ 2.8146872 ]
 [ 4.63137064]
 [ 3.23860629]
 [ 2.99952117]
 [ 3.25836148]
 [ 4.18275693]
 [ 4.72379122]
 [ 3.81608862]]

The weights at iteration: 40
[[6.64878715e-04]
 [5.68226696e+00]
 [4.43685565e+00]
 [5.17101224e+00]
 [5.03856684e+00]
 [1.57208591e+00]
 [5.04784682e+00]
 [3.16362044e+00]
 [4.19449980e+00]
 [5.11060597e+00]
 [3.63431325e+00]
 [5.40381991e+00]
 [3.24832216e+00]
 [2.66756252e+00]
 [5.39676767e+00]
 [2.99550365e+00]
 [2.55969645e+00]
 [3.65835133e+00]
 [4.71728200e+00]
 [3.66184260e+00]
 [5.16960563e+00]]

The weights at iteration: 50
[[6.64878715e-04]
 [5.68226696e+00]
 [4.43685565e+00]
 [5.17101224e+00]
 [5.03856684e+00]
 [1.57208591e+00]
 [5.04784682e+00]
 [3.16362044e+00]
 [4.19449980e+00]
 [5.11060597e+00]
 [3.63431325e+00]
 [5.40381991e+00]
 [3.24832216e+00]
 [2.66756252e+00]
 [5.39676767e+00]
 [2.99550365e+00]
 [2.55969645e+00]
 [3.65835133e+00]
 [4.71728200e+00]
 [3.66184260e+00]
 [5.16960563e+00]]

The weights at iteration: 60
[[6.64878715e-04]
 [5.68226696e+00]
 [4.43685565e+00]
 [5.17101224e+00]
 [5.03856684e+00]
 [1.57208591e+00]
 [5.04784682e+00]
 [3.16362044e+00]
 [4.19449980e+00]
 [5.11060597e+00]
 [3.63431325e+00]
 [5.40381991e+00]
 [3.24832216e+00]
 [2.66756252e+00]
 [5.39676767e+00]
 [2.99550365e+00]
 [2.55969645e+00]
 [3.65835133e+00]
 [4.71728200e+00]
 [3.66184260e+00]
 [5.16960563e+00]]

The weights at iteration: 70
[[6.64878715e-04]
 [5.68226696e+00]
 [4.43685565e+00]
 [5.17101224e+00]
 [5.03856684e+00]
 [1.57208591e+00]
 [5.04784682e+00]
 [3.16362044e+00]
 [4.19449980e+00]
 [5.11060597e+00]
 [3.63431325e+00]
 [5.40381991e+00]
 [3.24832216e+00]
 [2.66756252e+00]
 [5.39676767e+00]
 [2.99550365e+00]
 [2.55969645e+00]
 [3.65835133e+00]
 [4.71728200e+00]
 [3.66184260e+00]
 [5.16960563e+00]]

The weights at iteration: 80
[[6.64878715e-04]
 [5.68226696e+00]
 [4.43685565e+00]
 [5.17101224e+00]
 [5.03856684e+00]
 [1.57208591e+00]
 [5.04784682e+00]
 [3.16362044e+00]
 [4.19449980e+00]
 [5.11060597e+00]
 [3.63431325e+00]
 [5.40381991e+00]
 [3.24832216e+00]
 [2.66756252e+00]
 [5.39676767e+00]
 [2.99550365e+00]
 [2.55969645e+00]
 [3.65835133e+00]
 [4.71728200e+00]
 [3.66184260e+00]
 [5.16960563e+00]]

The weights at iteration: 90
[[6.64878715e-04]
 [5.68226696e+00]
 [4.43685565e+00]
 [5.17101224e+00]
 [5.03856684e+00]
 [1.57208591e+00]
 [5.04784682e+00]
 [3.16362044e+00]
 [4.19449980e+00]
 [5.11060597e+00]
 [3.63431325e+00]
 [5.40381991e+00]
 [3.24832216e+00]
 [2.66756252e+00]
 [5.39676767e+00]
 [2.99550365e+00]
 [2.55969645e+00]
 [3.65835133e+00]
 [4.71728200e+00]
 [3.66184260e+00]
 [5.16960563e+00]]

The weights at iteration: 100
[[6.64878715e-04]
 [5.68226696e+00]
 [4.43685565e+00]
 [5.17101224e+00]
 [5.03856684e+00]
 [1.57208591e+00]
 [5.04784682e+00]
 [3.16362044e+00]
 [4.19449980e+00]
 [5.11060597e+00]
 [3.63431325e+00]
 [5.40381991e+00]
 [3.24832216e+00]
 [2.66756252e+00]
 [5.39676767e+00]
 [2.99550365e+00]
 [2.55969645e+00]
 [3.65835133e+00]
 [4.71728200e+00]
 [3.66184260e+00]
 [5.16960563e+00]]

Final Weights
[[6.64878715e-04]
 [5.68226696e+00]
 [4.43685565e+00]
 [5.17101224e+00]
 [5.03856684e+00]
 [1.57208591e+00]
 [5.04784682e+00]
 [3.16362044e+00]
 [4.19449980e+00]
 [5.11060597e+00]
 [3.63431325e+00]
 [5.40381991e+00]
 [3.24832216e+00]
 [2.66756252e+00]
 [5.39676767e+00]
 [2.99550365e+00]
 [2.55969645e+00]
 [3.65835133e+00]
 [4.71728200e+00]
 [3.66184260e+00]
 [5.16960563e+00]]

Average Weights
[[-0.08932847]
 [ 5.2135087 ]
 [ 4.27704629]
 [ 4.59734434]
 [ 4.59367788]
 [ 1.58497902]
 [ 4.56122529]
 [ 3.06151479]
 [ 3.89682766]
 [ 4.69846347]
 [ 3.53881263]
 [ 5.01421836]
 [ 3.07390108]
 [ 2.69127093]
 [ 4.98200957]
 [ 2.78979165]
 [ 2.53278875]
 [ 3.47467929]
 [ 4.31277459]
 [ 3.58203764]
 [ 4.61489649]]